19136724
19136727
19136730
18981071
18981074
19056003
19056005
19056015
19056021
19056023
19056045
19056047
19056075
19056077
19056084
19056086
19056090
19056092
19056096
19056098
19056102
19056104
19056108
19056110
19056114
19056116
19056120
19056122
19056126
19056128
19056132
19056134
19056138
19056140
19056144
19056146
19056162
19056164
19056168
19056170
19056174
19056176
19056180
19056182
19056186
19056188
19056192
19056194
19056198
19056200
19056204
19056206
19056210
19056212
19056216
19056218
19056222
19056224
19056228
19056230
19056234
19056236
19056240
19056242
19056246
19056248
19056252
19056254
19056258
19056260
19056264
19056266
19056270
19056272
19056276
19056278
19056283
19056285
19056289
19056291
19056295
19056297
19056301
19056303
19056307
19056309
19056313
19056315
19056319
19056321
19056325
19056327
19056331
19056333
19056337
19056339
19058104
19058106
19058111
19058113
19136702
19136713
19136720
19136726
19136732
19136739
19136744
19136751
19136756
19136763
18981071
18981074
19056003
19056005
19056015
19056021
19056023
19056045
19056047
19056076
19056085
19056091
19056097
19056103
19056109
19056115
19056121
19056127
19056133
19056139
19056145
19056163
19056169
19056175
19056181
19056187
19056193
19056199
19056205
19056211
19056217
19056223
19056229
19056235
19056241
19056247
19056253
19056259
19056265
19056271
19056277
19056284
19056290
19056296
19056302
19056308
19056314
19056320
19056326
19058112
19136677
19136683
19136689
19136695
19136701
19136714
19136719
19136725
19136733
19136738
19136745
19136750
19136757
19136762
18981073
19056004
19056016
19056046
19056063
19056065
19056064
19056057
19056059
19056058
19056051
19056053
19056052
19056156
19056158
19056157
19056069
19056071
19056070
19058105
19056332
19056338
19056336
19056334
19056050
19056048
19136703
19136705
19136670
19136672
19136671
19056039
19056041
19056040
19136706
19136708
19136707
19136697
19136699
19058114
19136693
19058107
19136685
19136687
19056328
19056322
19056316
19056310
19056304
19056298
19056292
19056286
19056279
19056273
19056267
19056261
19056255
19056249
19056243
19056237
19056231
19056225
19056213
19056207
19056201
19056147
19056141
19056135
19056136
19136679
19136681
19056129
19056123
19056117
19056111
19056024
19056018
19056006
18981075
19056150
19136691
19056340
19056033
19056035
19056034
18981694
18981697
18981696
19056152
19056151
19136709
19056036
19056042
19136673
19056054
19056060
19056066
19056202
19056208
19056214
19056220
19056226
19056232
19056238
19056244
19056250
19056256
19056262
19056268
19056274
19056280
19056287
19056293
19056299
19056305
19056311
19056317
19056323
19056329
19056335
19056341
19058108
19058115
19136680
19136686
19136692
19056220
19056226
19056232
19056238
19056244
19056250
19056256
19056262
19056268
19056274
19056280
19056287
19056293
19056299
19056305
19056311
19056317
19056323
19056329
19056335
19136722
19136741
19136753
19136765
19056061
19056055
19136674
19056043
19056037
19136710
18981095
19136704
19056154
19056160
19056166
19056172
19056178
19056184
19056190
19056196
19056195
19136675
19136711
19056189
19056183
19056177
19056171
19056165
19056159
19056173
19056153
19056027
19056009
19056105
19056099
19056093
19056087
19056078
19056072
19056143
19056149
19056155
19056161
19056167
19056179
19056185
19056191
19056197
19056203
19056209
19056215
19056227
19056233
19056239
19056245
19056251
19056257
19056263
19056269
19056275
19056281
19056288
19056294
19056300
19056306
19056312
19056318
19056324
19056330
19056342
19058109
19058116
19056137
19056125
19056119
19056113
19056107
19056101
19056095
19056080
19056074
19056068
19056062
19056056
19056044
18981096
19056131
19056089
19056221
19056219
19056038
19056012
19056030
19056029
19056028
19056031
19056032
19056022
19056025
19056026
19056017
19056019
19056020
19056007
19056008
19056011
19056010
19056013
19056014
18981695
18981698
18981699
18981249
18981254
18981253
18981252
18981251
18981250
