19136160
19136154
19136155
19136151
19136150
19136149
19135811
19135810
19135813
19135812
19135847
19135845
19135879
19135898
19135897
19135896
19135895
19135918
19135910
19135905
19135904
19135903
19135902
19135901
19135900
19135899
19135893
19135890
19135889
19135892
19135909
19135908
19135907
19135886
19135839
19135880
19135875
19135863
19135862
19135861
19135860
19135867
19135866
19135865
19135864
19135870
19135869
19135868
19135874
19135873
19135872
19135857
19135854
19135850
19050295
19050300
19050272
19050275
19050274
19050313
19050315
19096574
19096749
19096782
19135838
19135841
19135837
19135849
19135832
19135831
19135830
19135829
19050294
19050291
19050292
19050293
19096607
19135876
19135877
19135888
19135887
19135914
19135912
19135820
19135822
19135823
19096579
19135894
19135891
19135916
19135878
19135828
19135827
19135826
19135825
19050290
19050289
19050288
19050287
19096606
19096605
19096584
19135906
19135871
19135858
19135859
19135855
19135856
19135852
19096587
19135853
19096600
19096599
19096598
19096597
19096588
19096583
19096586
19096580
19096577
19096576
19049000
19049010
19048899
19048907
19048851
19048860
19049176
19136156
19136153
19050124
19136144
19136143
19136142
19136141
19136148
19136147
19136146
19136145
19050119
19050118
19050117
19050116
19136140
19136139
19050110
19050005
19049825
19096608
19096604
19096603
19096602
19096601
19096596
19096595
19096594
19096593
19096592
19096591
19096590
19096589
19096585
19096582
19096578
19096581
19049214
19049187
19049181
19049179
19049213
19049207
19049206
19049205
19049211
19135885
19135848
19135846
19135884
19135881
19135883
19135882
19135844
19135842
19135840
19049195
19049208
19049215
19049210
19049209
19136159
19049185
19050173
19049845
19136132
19050138
19050103
19049998
19049818
19049204
19049203
19049202
19049201
19049200
19049199
19049198
19049197
19135833
19135775
19050297
19050301
19050299
19135835
19135834
19135808
19135807
19135806
19135805
19048915
19135804
19048854
19135803
19135802
19096542
19096541
19096540
19096572
19096545
19096552
19096549
19135801
19135800
19135799
19135798
19096548
19096551
19096547
19096571
19096570
19049668
19049677
19049631
19049641
19049496
19049502
19049706
19049705
19049704
19049703
19049702
19049701
19049700
19049699
19049698
19049697
19049696
19049695
19049694
19049693
19049692
19049691
19049690
19049689
19049688
19049687
19049686
19049685
19049684
19049683
19049682
19049681
19049680
19049679
19049678
19049676
19049674
19135797
19135796
19135795
19135809
19049671
19049669
19049667
19049666
19049665
19049663
19049662
19049661
19049660
19049659
19049658
19049657
19049656
19049655
19049654
19049653
19049652
19049650
19049648
19049647
19049645
19049644
19049643
19049637
19049635
19049633
19049530
19049531
19049529
19049528
19049527
19049525
19049526
19049524
19049523
19049522
19049521
19049520
19049519
19049518
19049517
19049516
19049515
19049514
19049513
19049512
19049511
19049510
19049509
19049508
19049505
19049503
19049500
19049499
19049532
19049546
19049545
19049542
19050309
19049817
19050135
19136130
19050104
19136133
19136152
19050159
19050123
19049838
19049839
19049840
19049841
19049014
19048909
19050317
19050283
19050278
19050285
19050284
19096557
19096561
19096573
19096568
19096543
19096569
19096565
19096553
19096546
19096550
19096560
19096559
19096558
19096564
19096563
19096562
19096567
19096566
19096556
19096555
19096554
19048902
19050154
19050153
19050152
19050151
19050157
19050156
19050155
19050165
19050163
19050175
19050161
19050145
19050139
19050167
19050146
19050150
19050149
19050148
19050147
19135824
19135794
19135793
19135792
19135791
19135790
19135789
19135819
19135788
19135787
19135821
19048897
19048896
19048895
19048898
19048900
19048889
19048888
19048887
19048886
19048892
19048891
19048890
19048885
19048884
19048882
19048880
19135786
19135785
19135784
19135783
19135782
19135781
19048912
19048916
19048934
19049017
19049018
19049006
19049004
19048856
19049002
19049012
19049033
19049036
19049038
19049035
19049034
19050128
19050115
19135780
19048692
19048710
19048709
19048708
19048707
19048714
19048713
19048712
19048711
19048721
19048720
19048700
19048724
19048722
19048723
19048718
19048703
19048705
19048702
19050114
19050112
19050113
19135702
19135720
19135719
19135718
19135717
19135732
19135736
19135731
19135730
19135729
19135724
19135733
19135734
19135722
19135723
19135721
19135715
19135712
19135714
19135711
19135728
19135727
19135726
19135725
19135716
19135713
19135710
19135709
19048698
19135708
19049217
19049222
19049312
19049322
19049355
19049363
19049388
19049389
19049227
19049225
19049239
19049235
19049378
19049379
19049377
19049376
19049382
19049381
19049380
19135779
19049375
19049362
19135778
19135777
19049374
19135776
19049373
19049372
19049385
19049369
19049367
19135707
19135706
19048697
19049391
19135705
19135704
19135703
19048693
19048695
19048694
19049387
19049368
19049371
19049370
19048587
19048619
19049365
19049364
19049842
19049846
19136137
19050143
19050108
19049823
19136136
19050107
19050142
19136138
19050144
19136135
19050141
19050106
19136129
19136127
19050133
19050100
19050099
19049815
19049814
19049251
19049230
19049335
19049332
19049316
19049314
19049360
19049318
19049386
19049384
19049383
19049366
19049390
19049361
19136134
19050140
19050105
19050000
19049820
19135836
19135843
19135851
19135814
19135816
19135818
19135817
19049834
19049837
19049836
19049833
19049832
19049831
19049835
19049824
19049826
19049830
19049829
19049828
19049827
19050306
19050320
19050314
19050312
19050310
19050308
19096762
19135815
19096754
19050277
19048616
19048617
19048598
19048597
19135735
19048552
19048558
19048574
19048573
19048572
19048571
19048554
19048555
19050319
19050311
19050307
19050305
19050303
19050286
19050280
19096644
19096678
19096677
19096676
19096675
19096674
19096673
19096672
19096669
19096668
19096667
19096671
19096670
19096666
19096665
19096664
19096663
19096662
19096661
19096660
19096659
19096658
19096657
19096656
19096655
19096654
19096653
19096652
19096649
19050122
19050121
19050120
19096651
19096650
19096648
19096647
19096646
19050202
19050238
19050235
19050234
19050233
19050232
19050231
19050230
19050229
19050228
19050227
19050226
19050225
19050224
19050223
19050222
19050221
19050220
19050219
19050218
19050217
19050213
19050216
19050215
19050214
19050209
19050210
19050208
19050212
19050211
19048904
19048894
19096781
19096780
19096771
19096767
19096763
19096761
19049029
19049028
19049027
19049026
19050325
19050324
19050323
19050322
19049540
19049539
19049550
19049549
19049548
19049547
19096757
19096759
19096756
19096750
19096752
19096751
19096770
19096768
19096769
19096766
19096765
19096764
19096755
19049538
19049565
19049573
19048908
19048920
19048919
19048918
19048917
19050025
19050022
19050010
19050009
19050008
19050007
19049025
19049024
19049023
19049022
19096504
19096522
19096521
19096520
19096519
19096538
19096534
19096517
19096514
19096510
19096513
19096516
19096536
19048893
19096740
19096535
19096533
19048876
19048878
19096532
19096531
19096529
19096528
19096527
19096526
19096525
19096524
19096523
19096512
19096511
19096518
19096515
19096537
19096505
19096507
19096506
19050334
19050360
19050359
19050358
19050357
19050383
19050375
19050364
19050363
19050362
19050361
19049015
19049020
19049032
19049031
19049030
19049037
19049040
19096789
19096471
19050483
19050417
19050380
19096792
19096474
19050382
19096807
19096815
19096816
19096809
19096808
19096791
19096798
19096480
19096795
19050423
19096477
19096810
19096492
19050438
19050403
19096806
19096805
19096804
19096803
19096469
19096468
19096814
19096811
19096802
19096801
19096800
19096799
19096796
19096478
19050424
19096793
19050421
19096475
19096473
19096472
19096488
19096487
19096486
19096485
19096491
19096490
19096489
19096500
19096496
19096495
19096494
19096481
19096493
19096484
19096483
19096482
19050489
19050491
19050494
19050485
19050480
19050478
19050374
19048874
19050496
19050487
19050504
19050503
19050502
19050501
19050511
19050510
19050507
19050506
19050505
19050500
19050499
19050498
19050497
19050512
19096817
19096499
19050413
19050445
19049324
19049646
19049016
19048701
19049330
19049338
19049339
19049340
19049337
19049326
19049328
19049348
19049333
19050444
19049344
19049343
19049342
19049341
19050426
19050414
19049352
19050412
19049346
19049347
19049345
19050420
19050434
19050433
19050432
19050431
19049351
19049350
19050437
19050436
19050435
19050419
19050446
19049354
19049353
19050442
19050440
19050439
19050441
19050430
19050429
19050428
19050427
19096794
19096476
19050492
19050422
19050387
19096712
19050273
19049813
19049498
19049177
19048852
19050281
19049821
19049506
19050282
19049822
19049507
19048870
19048872
19048868
19048866
19050386
19050390
19050389
19050384
19050385
19050402
19050401
19050399
19050400
19050398
19050397
19050396
19050391
19050388
19050406
19050405
19050407
19050404
19050395
19050394
19050393
19050392
19096785
19096467
19050476
19050410
19050372
19050373
19050371
19050369
19050367
19050366
19050365
19050346
19050377
19050379
19050381
19050355
19050356
19050354
19050352
19050351
19050353
19050350
19050348
19050340
19050338
19050336
19048862
19048699
19048717
19048716
19048715
19050057
19050068
19050098
19050080
19050079
19050078
19050077
19050092
19050063
19050061
19050059
19050084
19050083
19050082
19050081
19050087
19050086
19050085
19050075
19050074
19050076
19050071
19050072
19050070
19050073
19050069
19050472
19050471
19050470
19050461
19050460
19050459
19048609
19048608
19048607
19048606
19048612
19048611
19048610
19048621
19048605
19048604
19048603
19048602
19050457
19050456
19050473
19050484
19050486
19050450
19050449
19050448
19050482
19050490
19050479
19050477
19050458
19050453
19050452
19050462
19050465
19050451
19050475
19050464
19050463
19050454
19050455
19050469
19050468
19050467
19050466
19050024
19050066
19050036
19050034
19050062
19096819
19096841
19096837
19096609
19096631
19096627
19096824
19096829
19096619
19096614
19049707
19049739
19049392
19049424
19096758
19050060
19050056
19050055
19050054
19050045
19050044
19050043
19050042
19050041
19050040
19050039
19050037
19050035
19050049
19050048
19050047
19048910
19049995
19049999
19050002
19050094
19050093
19050091
19050090
19050089
19050046
19096530
19050058
19050088
19050053
19050368
19050038
19050344
19050052
19050051
19050050
19049561
19049600
19049598
19049604
19049597
19049596
19049595
19049594
19049592
19049591
19049590
19049585
19049584
19049583
19049582
19049581
19049580
19049579
19049576
19049039
19049577
19050033
19049593
19049589
19049588
19049587
19049586
19049578
19049575
19049574
19050029
19050028
19049572
19050026
19050031
19050032
19049244
19049286
19049283
19049281
19049280
19049279
19049081
19049278
19049277
19049079
19049276
19049275
19049282
19049077
19049075
19049274
19049272
19049273
19049271
19049072
19049270
19049290
19049071
19049535
19049566
19049564
19049562
19049070
19049570
19049568
19048618
19049254
19049252
19048640
19049269
19049268
19049069
19049234
19049233
19049232
19048921
19048922
19048923
19048924
19049068
19049073
19096848
19049067
19049066
19049083
19049065
19049064
19049710
19049395
19049078
19049063
19049062
19049284
19049297
19049300
19049293
19049061
19049309
19049308
19049307
19049306
19049331
19049060
19049059
19049058
19049057
19049305
19049304
19049303
19049302
19049323
19049295
19049313
19049311
19049310
19049321
19049294
19049315
19049317
19049319
19049327
19049289
19049287
19049285
19096679
19050236
19049772
19049462
19096713
19049142
19048832
19096710
19050268
19049808
19049493
19096692
19050250
19049790
19048845
19049160
19049475
19096704
19096703
19096702
19050262
19050261
19050260
19049802
19049801
19049800
19049487
19049486
19049485
19049299
19049296
19049301
19049298
19048971
19048975
19048974
19048973
19048978
19048982
19048985
19048997
19048996
19048995
19048596
19048595
19048594
19049223
19048593
19049238
19049237
19049236
19049056
19048590
19049055
19048589
19049054
19049053
19049231
19048588
19049229
19049052
19049051
19049267
19049172
19049171
19049170
19048865
19048863
19048861
19096701
19096700
19096699
19096698
19050259
19048905
19050258
19048903
19050257
19049220
19049219
19050256
19049799
19049798
19049797
19049796
19049484
19049483
19049482
19049481
19049169
19049166
19049168
19049167
19048859
19048857
19048855
19048853
19096697
19096696
19096695
19096706
19096707
19096709
19096708
19096694
19049226
19049489
19049491
19049490
19050266
19050264
19050265
19050267
19050255
19050254
19050253
19048980
19048936
19049009
19049007
19048981
19048984
19049003
19048999
19049001
19049005
19048990
19048989
19048988
19048987
19049013
19050001
19050006
19050004
19049993
19049994
19049541
19049554
19049553
19049552
19049551
19049557
19049556
19049555
19049534
19049664
19049533
19050296
19050329
19050328
19050327
19050326
19049349
19050343
19050345
19048719
19050298
19050101
19049543
19049639
19049544
19049320
19049008
19049563
19049560
19049559
19048696
19050207
19050206
19050205
19049742
19049781
19049779
19049777
19049775
19049773
19049771
19049770
19049769
19049768
19049767
19049766
19049765
19049764
19049763
19049762
19049761
19049760
19049759
19049758
19049757
19049756
19049755
19049754
19049753
19049752
19049751
19049750
19049749
19049748
19049747
19049746
19049745
19050204
19049744
19096645
19050203
19049743
19050252
19049492
19049480
19049479
19049478
19049477
19049180
19049165
19049164
19049163
19049162
19048871
19048873
19048869
19048875
19048850
19048849
19048848
19048847
19049178
19049175
19049174
19050109
19049806
19049651
19049805
19049807
19049804
19049795
19049794
19049793
19049792
19048517
19048535
19049266
19049265
19049264
19049263
19049262
19049261
19049260
19049258
19049256
19049250
19049248
19049246
19048933
19048935
19048969
19048968
19048972
19048967
19048966
19048965
19048964
19050269
19049809
19048553
19049494
19049184
19048962
19048565
19048961
19048960
19048564
19048879
19048955
19048954
19049049
19048953
19048952
19096715
19050270
19049810
19049050
19049495
19049186
19048881
19048877
19048600
19049048
19049649
19049334
19049019
19049047
19048951
19048950
19048704
19048599
19096691
19049046
19048949
19050111
19048939
19049045
19048937
19050249
19048727
19048764
19049789
19048762
19049474
19048844
19049159
19048759
19049336
19049021
19048758
19096689
19048706
19050247
19049787
19049472
19049157
19048842
19048601
19048757
19048756
19048755
19049567
19049569
19049253
19096688
19050246
19049786
19049255
19096693
19050251
19049791
19049476
19049161
19048846
19049471
19049224
19048754
19048753
19048752
19048751
19048750
19048749
19048748
19048747
19048746
19048745
19048744
19048743
19048742
19048741
19096680
19050237
19049774
19049463
19049144
19049190
19049212
19049216
19049194
19049192
19049191
19049193
19049196
19096760
19096779
19096783
19096776
19096777
19096778
19048740
19048739
19048738
19048737
19048736
19048735
19048734
19048733
19048732
19096774
19096773
19096772
19096775
19050017
19050016
19050015
19050014
19050013
19050012
19050011
19050021
19050020
19050019
19050018
19050030
19048575
19048576
19048577
19049249
19049245
19049247
19049240
19049241
19049242
19048947
19048946
19049558
19050330
19050331
19050332
19050321
19050318
19048945
19048943
19048963
19048948
19048944
19048942
19050341
19048941
19048959
19048958
19048957
19048956
19048658
19050349
19048654
19048653
19050339
19050337
19048652
19048651
19048650
19048649
19050335
19050333
19050316
19048624
19050003
19048620
19048622
19048648
19048644
19048643
19048642
19048641
19049228
19048636
19048634
19049218
19048901
19048986
19048983
19048998
19048635
19048628
19048632
19048631
19096850
19096851
19096853
19096849
19096847
19096846
19096845
19096844
19096843
19096842
19096832
19096840
19096839
19096838
19096836
19096835
19096834
19096831
19096828
19096833
19096827
19096826
19096825
19096822
19096821
19096820
19096641
19096640
19096643
19096633
19096634
19096632
19096630
19096629
19096628
19096852
19096639
19096626
19096625
19096624
19096612
19096617
19096623
19096622
19096616
19096615
19096823
19096618
19096830
19096621
19096620
19096638
19096637
19096636
19096635
19096642
19096611
19096613
19096610
19050158
19050198
19050191
19050192
19050190
19096721
19050279
19049819
19050189
19050188
19050187
19050186
19049504
19049189
19050199
19048864
19048627
19096718
19050276
19049816
19048630
19048629
19048633
19048647
19048646
19048645
19048639
19048638
19048637
19049501
19049183
19048858
19049259
19050185
19050184
19050183
19050182
19050164
19048615
19050177
19050176
19050180
19050179
19050170
19050134
19049673
19049357
19048731
19049042
19049709
19050064
19049708
19048725
19049394
19049602
19049393
19049076
19049288
19049074
19048760
19048970
19048763
19048761
19048656
19050162
19050160
19049156
19048550
19048730
19050174
19096690
19050248
19050197
19050168
19050178
19050131
19049788
19048523
19049473
19049158
19049672
19048843
19050201
19096717
19050271
19049811
19049497
19050172
19049358
19049741
19049426
19049422
19049107
19049043
19048792
19049111
19048520
19048529
19048549
19048729
19050136
19049599
19049642
19049638
19049636
19049634
19049632
19049630
19049359
19049629
19049628
19049627
19049626
19049625
19049624
19049623
19049622
19049621
19049675
19049620
19049619
19049618
19049617
19049616
19049615
19049614
19049613
19049612
19049611
19049610
19049609
19049608
19049605
19049044
19049603
19049601
19048726
19048625
19096855
19096575
19050129
19048979
19048994
19048993
19048992
19048991
19048655
19048663
19048660
19048659
19048657
19048679
19048678
19048677
19048676
19048688
19048689
19048682
19048681
19048680
19049670
19049356
19048548
19048547
19048546
19048545
19049427
19049461
19048543
19049460
19048542
19049459
19048541
19048540
19049458
19049457
19049456
19049455
19049454
19048539
19048538
19048537
19049453
19048536
19049452
19049451
19049450
19049449
19049448
19049447
19049446
19049445
19049444
19049443
19049442
19049441
19049440
19049439
19049041
19049438
19049437
19049436
19049435
19049434
19049433
19048728
19049432
19049431
19049430
19049429
19049428
19049112
19049151
19049149
19049147
19049145
19048927
19048926
19048925
19049143
19049141
19049140
19049139
19049138
19049137
19049136
19049135
19049134
19049133
19049132
19049131
19048940
19048914
19049130
19049129
19049128
19049127
19049126
19048928
19048931
19048930
19049125
19048929
19050181
19050200
19050196
19050194
19050195
19050193
19050166
19049738
19049737
19049124
19049729
19049728
19049727
19049726
19049123
19049122
19049732
19049121
19049731
19049730
19049722
19049723
19049724
19049725
19049119
19049720
19049120
19049719
19049118
19048795
19049717
19049716
19049117
19049718
19049715
19049713
19049712
19049721
19049115
19049114
19049113
19049116
19048831
19048534
19048533
19048530
19048526
19048519
19048670
19048669
19048667
19048666
19048685
19048686
19048684
19048671
19048668
19048665
19096509
19048932
19048913
19048911
19096508
19050067
19050065
19048830
19048829
19048828
19048827
19048826
19048825
19048824
19048823
19048822
19048821
19048820
19048819
19048818
19048817
19048816
19048815
19048814
19048813
19048812
19048811
19048810
19048809
19048808
19048807
19048806
19048805
19048804
19048803
19048802
19049188
19048883
19049714
19049736
19049734
19049735
19049740
19049733
19049711
19049423
19049420
19049421
19049419
19049417
19049416
19049415
19049414
19049413
19049412
19049411
19049408
19049409
19049410
19049407
19049405
19049402
19049401
19049400
19049404
19049398
19049397
19049396
19049403
19049406
19049399
19049425
19049418
19049110
19049109
19049108
19049106
19049105
19049104
19049103
19049102
19049101
19049100
19049097
19049098
19049099
19049096
19049095
19049094
19049093
19048801
19048800
19048799
19048797
19048841
19096687
19050245
19049785
19049092
19049091
19049090
19049085
19049089
19049088
19049087
19049086
19049084
19049082
19049080
19048798
19048796
19049470
19048794
19048793
19049155
19048833
19048791
19048790
19048840
19048789
19048788
19048787
19048786
19048785
19048784
19048783
19048782
19048781
19048780
19048779
19048778
19048777
19048776
19048775
19048774
19048773
19048772
19048771
19048770
19048769
19048768
19048767
19048766
19048765
19096753
19096684
19050242
19049782
19049467
19049152
19048837
19049607
19049606
19049292
19049291
19096705
19050263
19049803
19049488
19049173
19048867
19096685
19050243
19049783
19049468
19049153
19049465
19048838
19049640
19096682
19096681
19050240
19050239
19050096
19049776
19049778
19049329
19049011
19049464
19049148
19049146
19048835
19048834
19048977
19048976
19096686
19050244
19049784
19049469
19049154
19048839
19050304
19096788
19049537
19048675
19048674
19048673
19048672
19049997
19096470
19048687
19096683
19050481
19050241
19048691
19050416
19049780
19050378
19050302
19048683
19050342
19049996
19048690
19048664
19049536
19049466
19048906
19049150
19048662
19049221
19048836
19048482
19048494
19048485
19049243
19050347
19049571
19049257
19050027
19048938
19048500
19048498
19048499
19048504
19048561
19048583
19048584
19048613
19048623
19048592
19048532
19048527
19048525
19048562
19048531
19048524
19048581
19048580
19048579
19048570
19048569
19048568
19048582
19048567
19048522
19048544
19048518
19048586
19048551
19049182
19049325
19048513
19048514
19048560
19048566
19048563
19048578
19048559
19048585
19048557
19048556
19048516
19048511
19048509
19048510
19048661
19048626
19048591
19048614
19048528
19048521
19050509
19050508
19050493
19050515
19050516
19048508
19048507
19048506
19048505
19048503
19048502
19048501
19048515
18981743
18981765
18981764
18981763
18981762
18981755
18981756
18981761
18981751
18981757
18981774
18981748
19048497
19048496
19048495
19048493
19048492
19048491
19048490
19048489
19048488
19048484
19048483
19048512
19048487
19048486
19048447
19048453
19048450
19048449
19048448
19048478
19048479
19048469
19048468
19048467
19048466
19048472
19048471
19048470
19048465
19048464
19048463
19048462
19048476
19048475
19048474
19048481
19048477
19048460
19048459
19048457
19048456
19048480
19048473
19048461
19048458
19048455
19048454
19048452
19048451
19048412
19048444
19048443
19048442
19048441
19048440
19048439
19048438
19048437
19048436
19048435
19048434
19048433
19048432
19048431
19048430
19048429
19048428
19048427
19048426
19048425
19048424
19048422
19048445
19048446
19048421
19048420
19048418
19048417
19048415
19048414
18981777
18981776
18981775
19048413
18981773
18981772
18981771
18981770
18981769
18981768
18981767
18981766
18981760
18981754
18981746
18981759
18981758
18981753
18981752
18981750
18981749
18981747
18981745
18981744
19048423
19048419
19048416
19048374
19048380
19048377
19048376
19048375
19048400
19048403
19048402
19048401
19048406
19048405
19048399
19048398
19048397
19048396
19048395
19048394
19048393
19048392
19048391
19048390
19048389
19048408
19048386
19048404
19048383
19048384
19048387
19048388
19048382
19048379
19048407
19048385
19048378
19048381
18981147
18981188
18981187
18981186
18981185
18981184
18981183
18981182
18981181
18981180
18981179
18981178
18981177
18981176
18981175
18981174
18981173
18981172
18981164
18981163
18981162
18981298
18981331
18981330
18981329
18981332
18981327
18981323
18981322
18981321
18981320
18981319
18981318
18981317
18981326
18981325
18981328
18981324
18981316
18981315
18981314
18981313
18981312
18981311
18981161
18981160
18981159
18981158
18981156
18981157
18981155
18981154
18981153
18981152
18981151
18981150
18981149
18981148
18981310
18981306
18981304
18981303
18981309
18981308
18981307
18981305
18981302
18981301
18981300
18981299
