19136322
19136326
19048037
19048041
19048042
19048046
19048047
19048051
19048049
19136324
19136325
19048032
19048034
19048035
19048001
19048003
19048004
19137578
19137581
19137580
19047996
19047998
19047999
19047991
19047993
19047994
19136327
19136329
19136328
19136332
19136334
19136333
19048043
19048045
19048044
19048038
19048039
19048040
19048016
19048018
19048019
19048026
19048028
19048029
19048011
19048013
19048014
19048006
19048008
19048009
19047986
19047989
19047988
19047981
19047971
19047976
19047966
19047984
19047983
19047978
19047973
19047968
19047961
19047963
19047956
19047958
19047951
19047953
19047955
19047936
19047938
19047939
19047786
19047789
19047881
19047885
19047931
19047935
19047941
19047945
19047965
19047975
19047985
19047995
19048005
19048015
19048030
19136356
19136366
19136376
19136386
19137575
19047771
19047775
19047781
19047785
19047861
19047865
19047871
19047875
19136341
19136371
19136381
19136391
19137582
19047776
19047780
19047790
19047866
19047870
19047876
19047880
19047926
19047930
19047940
19047946
19047950
19047960
19047970
19047980
19047990
19048000
19048010
19048020
19048036
19136317
19136321
19047948
19047949
19047944
19047943
19047932
19047928
19047884
19047883
19047878
19047879
19047873
19047874
19136320
19136319
19047868
19047869
19047863
19047864
19047784
19136323
19048033
19048027
19048017
19048012
19048007
19048002
19137579
19047997
19047992
19047987
19047982
19047947
19047942
19047937
19047882
19047877
19047872
19136318
19047867
19047862
19047934
19047933
19048052
19136330
19136335
19136336
19136331
19048056
19048055
19048054
19047856
19047851
19047846
19047841
19047836
19047831
19136351
19047853
19047848
19047858
19047834
19047852
19047847
19047921
19047924
19047923
19047922
19047916
19047919
19047918
19047917
19047911
19047914
19047913
19047912
19047906
19047909
19047908
19047907
19047901
19047904
19047903
19047902
19047896
19047899
19047898
19047897
19047891
19047894
19047893
19048050
19136312
19136315
19136314
19136313
19048053
19048048
19047796
19047799
19047892
19136346
19136316
19047800
19136361
18981778
18981782
19047791
19047795
19047925
19047920
19047915
19047910
19047905
19047900
19047857
19047859
19047895
19047886
19047890
19047889
19047887
19047888
19047854
19047849
19047794
19047793
19047779
19047929
19047927
19047860
19047855
19047850
19047845
19047840
19047835
19047774
18981781
18981780
19047844
19047843
19047842
19047839
19047979
19047974
19047969
19047964
19047959
19047954
19047977
19047972
19047967
19047962
19047957
19047952
19047798
19047783
19047788
19047838
19047837
19047826
19047821
19047816
19047811
19047806
19047801
19047829
19047824
19047819
19047814
19047809
19047804
19047833
19047832
19047830
19047825
19047820
19047815
19047810
19047805
19047792
19047787
19047828
19047823
19047818
19047813
19047808
19047782
19047803
19047827
19047822
19047817
19047797
19047812
19047807
19047802
19047778
19047777
19047773
19047772
19047743
19047747
19047746
19047745
19047744
18981779
18981189
18981194
18981193
18981191
18981190
18981333
18981337
18981336
18981335
18981334
